f=[1.0000*10^3; 2.0178*10^3; 4.0180*10^3; 8.0010*10^3; 11.9050*10^3; 16.1450*10^3; 20.2220*10^3; 40.2690*10^3; 60.7150*10^3; 80.1870*10^3; 120.9010*10^3; 161.8030*10^3; 200.0000*10^3];
R11 = [0.124150; 0.138823; 0.198123; 0.450103; 0.833485; 1.391000; 2.025170; 5.939820; 9.978400; 13.418600; 19.831100; 25.999800; 32.689900];
L11 = [536.71*10^-6; 536.79*10^-6; 536.77*10^-6; 535.90*10^-6; 534.85*10^-6; 533.49*10^-6; 531.91*10^-6; 523.68*10^-6; 517.75*10^-6; 514.98*10^-6; 517.16*10^-6; 527.53*10^-6; 543.67*10^-6];
R22 =[ 0.535511; 0.575817; 0.748045; 1.438690; 2.491440; 4.016490; 5.753720; 16.004700; 26.129100; 34.617500; 50.164400; 64.942100; 80.615400];
L22 =[1.202670*10^-3; 1.202660*10^-3; 1.202310*10^-3; 1.200230*10^-3; 1.197110*10^-3; 1.193060*10^-3; 1.188550*10^-3; 1.164460*10^-3; 1.147610*10^-3; 1.139130*10^-3; 1.140810*10^-3; 1.169150*10^-3; 1.196300*10^-3];
Rleak_12=[0.345721; 0.348931; 0.357603; 0.392190; 0.444715; 0.518145; 0.600019; 1.064930; 1.517580; 1.894580; 2.533690; 3.035440; 3.418430];
Lleak_12= [18.2881*10^-6; 16.4255*10^-6; 15.9208*10^-6; 15.6879*10^-6; 15.4870*10^-6; 15.2313*10^-6; 14.9721*10^-6; 13.6671*10^-6; 12.6158*10^-6; 11.8945*10^-6; 10.8970*10^-6; 10.2826*10^-6; 9.89829*10^-6];
Rleak_21 = [0.784471; 0.790075; 0.810430; 0.890508; 1.012290; 1.183050; 1.374010; 2.443350; 3.460090; 4.301800; 5.572630; 6.848580; 7.698120];
Lleak_21=[36.8235*10^-6; 35.6899*10^-6; 35.3312*10^-6; 34.9915*10^-6; 34.5612*10^-6; 33.9943*10^-6; 33.3869*10^-6; 30.3168*10^-6; 27.8997*10^-6; 26.2546*10^-6; 23.9973*10^-6; 22.6304*10^-6; 21.7782*10^-6];
Rdc1=0.119;
Rdc2=0.521;